N <- 1500
x <- 
c(532.752928196822, 1567.75830475717, 611.088865361811, 292.926184359073,
1954.98023610168, 2460.87631164133, 340.661482936613, 1140.86572335836,
402.065220906701, 837.217487261246, 1517.55208034232, 770.096228286312,
2068.62229312433, 1569.65622508766, 301.816765793997, 246.100537382471, 3192.0621124582,
1751.78297588426, 140.801044920449, 654.985460730876, 2224.91710884716,
12.6652577903776, 404.954627056964, 3528.18268134196, 724.249918367575,
26.4024481608334, 2854.88138645005, 1371.79384089845, 1867.69349977569,
174.726318539249, 649.247476795761, 3726.69252068366, 4412.48715027707,
424.127124095148, 3752.61418619952, 984.582482992331, 172.32694252647, 1899.58187513469,
698.826674393126, 1755.88176325636, 2461.7241986606, 26.3378175884612, 3777.82148299255,
4056.74409049892, 3260.30897212604, 414.308516668873, 1095.52643290268,
2519.00633076222, 364.889844162817, 846.216806013303, 737.458902506698,
593.895494749096, 3248.49031004684, 1088.71044767933, 224.672350235485,
315.709208626577, 109.972650047692, 361.963266608305, 2931.11731331437,
3298.44555679951, 1372.70277936299, 1033.9077048247, 2138.03190580411, 1460.69998483433,
1798.35851451247, 1832.98596422874, 1080.27805450323, 740.75724584291, 3199.83948973104,
983.286568168974, 345.840482844204, 45.3736337098591, 89.0159088944336,
460.659386079095, 568.170037212444, 793.490348153525, 506.161623555082, 4581.6533724966,
325.98699552753, 956.36684318019, 548.656361108322, 336.08309470194, 901.626604960063,
637.855532319175, 1385.70158784138, 1948.83579242388, 1933.07236781065,
1430.87335095618, 1579.57013698318, 29.5204534405643, 1740.44965995925,
1340.63583564362, 1610.43439719923, 1222.33713135938, 2263.81451141234,
810.033197173738, 1233.78860062855, 974.416866371303, 512.426718472937,
280.502129120584, 2868.0952892661, 1017.80117631833, 3937.83640492279, 65.0553501534747,
3352.48866655754, 474.342757724789, 371.742372841107, 36.3805881591888,
3083.50827301712, 2206.56863883245, 602.374109642435, 3220.59015179485,
470.504750928604, 1150.8613264164, 1188.89913132021, 121.161331245351, 867.327449151309,
709.249159603513, 874.018773004649, 971.602954607338, 2043.16013558424,
1377.13598005179, 306.970055531588, 208.193338382885, 1465.37527472204,
2602.55121943775, 899.081922294524, 722.489520672437, 328.007079998753,
3017.60041722413, 1049.41307067564, 1350.03395638195, 1522.11989574678,
1244.00400555177, 274.1378885903, 1410.21269303402, 1659.10352106185, 498.031040992452,
2096.30434985264, 2550.42988651959, 3183.90446513309, 2099.96399079165,
199.825810332011, 372.631782421161, 1922.66584796411, 1071.44594404076,
1051.86167892586, 94.5061256090738, 250.48443124697, 1178.52137176894, 988.070231240205,
2440.72872308018, 1800.77592774823, 539.349575330275, 2414.87066824329,
1149.77756123803, 995.460334337034, 694.557300810508, 951.602140440393,
157.068700634914, 2102.41247858623, 493.895612795645, 671.768045923993,
976.934929173086, 803.343949655286, 390.527800946627, 1631.97701276206,
279.852966363179, 1886.17382816412, 1419.98854657954, 181.646876848765, 934.02663176428,
1411.1710205247, 862.456976509509, 113.54091485475, 1149.83798867396, 2002.10952545363,
1661.68310208447, 1689.72674590878, 2225.84860289216, 2192.43664651208,
162.379601653295, 1065.10606604221, 1919.05096187395, 2013.33272967859,
1007.45169472358, 236.495372727917, 235.287222131961, 118.682395155896,
1123.86691024995, 927.579689204537, 609.104311016751, 1634.7955453979, 162.254560193973,
656.45138765532, 1392.17859609302, 1282.95073147099, 52.6358885057192, 1267.96083221591,
1632.67877495184, 2469.42965182192, 1819.31366466821, 1206.59467531509,
2375.40505026242, 1744.62816289914, 941.801098399079, 827.949121689787, 517.38822600507,
260.912797602959, 1599.10981724812, 1441.65416987277, 23.9019341604987,
5362.29769118477, 670.306726641878, 2862.894291266, 2014.11571391314, 491.405287513046,
1038.40756272299, 3250.64792186113, 1943.42906290241, 2977.60276914457,
2481.72130887064, 3573.93284788115, 1082.03805333949, 1618.75279229816,
2688.11490117428, 2119.87898839244, 2130.15332042452, 275.827012041581, 903.13744855195,
3493.85154595876, 1782.61055870428, 1427.1265301998, 2015.1101999325, 93.2416522976487,
898.712810261775, 2673.10386134553, 1394.86172019981, 621.99519181642, 2188.25418044151,
5226.65958752769, 3204.84322908562, 893.30506943768, 2551.22480004041, 601.188724978488,
2217.1731907488, 1630.51986647387, 1137.66442647599, 4089.0160089641, 1508.2061784606,
648.255163079356, 717.025459473963, 698.289304666193, 771.325286465643,
1791.72311919855, 1413.91737498555, 831.317113757326, 2687.53527251998,
552.937514920933, 725.325743356202, 809.989479765065, 685.01706585639, 168.153489360178,
142.312446179039, 1675.82933087136, 1114.66382858347, 1161.86664722404,
38.4714934416343, 425.795547158031, 1172.94775024932, 377.372684456494,
96.2664437550349, 1004.53714442785, 506.207060016721, 1040.71723270556,
370.090871451524, 434.489503837405, 729.071134459179, 1570.44709827219,
1217.12633997265, 214.42862729426, 39.4896650214773, 1122.44869345673, 507.873903493508,
965.275041541229, 3585.01795186315, 30.861568095994, 1134.63472393109, 1205.16904375919,
528.633369392103, 1142.40119179958, 92.1345251186362, 4734.48138317067,
1698.39957867376, 214.726765831353, 382.468635179799, 1285.0663840508, 383.474124302023,
1847.49299194039, 1627.83917539224, 844.086809431462, 443.034090591153,
973.075344832625, 4280.80853171188, 900.984677413841, 1107.03853836043,
615.251072247594, 17.6975075181286, 1284.27826664532, 2603.70097174231,
480.286232833938, 239.083359565183, 785.377144580387, 758.283354318897,
237.058943685493, 407.748125954912, 620.218572693039, 1806.45356895756,
967.299311078017, 3818.53808148879, 2667.73567754454, 1619.78510446026,
2212.63787073194, 604.399724791097, 1402.21447446272, 1529.72210438431,
922.451004462969, 1401.483114914, 494.252802947278, 662.748031432382, 83.1049101046295,
454.002825681817, 1085.1871834692, 1262.97344106073, 1568.78768892803, 665.895139730597,
1096.28155721687, 612.446910128151, 22.2831346063863, 111.19315252424, 183.922677603261,
1385.76096259747, 2836.92489497544, 203.732762826317, 1951.32971938075,
1580.49906888073, 1333.87664507411, 610.461764164905, 242.411739463539,
286.049865571845, 926.375785843136, 2471.91112694348, 3.79742534762897,
599.510506669936, 458.563019167631, 1829.20406893916, 3672.82552753551,
1923.45479002566, 903.209654712564, 2127.42080086385, 2803.3083593415, 466.653515368782,
1254.00375719081, 769.838480104971, 2743.60236937134, 1159.80714411872,
1994.08896597641, 282.010665786713, 1031.02857655127, 69.0493033812031,
1998.03421948845, 439.37140016717, 238.891382296577, 272.123731032238, 2858.16158803385,
1719.71685512822, 10.3927632168793, 555.247959862784, 506.910685270627,
1263.19394021635, 2157.1722870927, 2073.24194548618, 28.9764372556844, 1891.4263461515,
785.478970938168, 2520.02639590316, 8.59518676893733, 1359.85696271707,
843.434695384261, 2988.20323269439, 199.385578964213, 1704.46341782764,
655.525881102127, 3060.4510849791, 1862.23225456472, 2434.33398953823, 452.372270143332,
150.388694705391, 1342.14214562489, 1668.49280093068, 243.363331739031,
679.659734187715, 2437.54888854656, 1202.17650915057, 1103.77969748314,
2020.02842652706, 1168.8454809241, 1064.2757655889, 22.1397217326344, 393.226603455638,
532.725193483688, 2949.60174111527, 510.767032410108, 1056.26025567026,
1470.38824719238, 1444.26313454703, 2829.47301781022, 935.211861894742,
776.582576649039, 1243.26652380351, 671.279092339997, 2462.30814595207,
2186.02943770589, 2923.75561921622, 801.147919821847, 979.153371087856,
695.905223328822, 789.804276217559, 920.318677155378, 1517.41754846669,
482.409399122103, 624.019669011182, 402.159845083347, 1089.38881716656,
2291.79606246452, 1763.81188591363, 3456.71754616479, 1610.93710026508,
1103.95596414071, 138.778437250093, 1881.54703675146, 1063.43916424606,
