N <- 10
xs <- 
c(0.175814136513509, 0.654033086379059, 1.44160686968826, 0.695929887355305, 1.37260328431148,
1.2908714984078, -0.0691589447669685, 1.07886185089592, 0.372567699872889, -0.130085433134809)
ys <- 
c(1.76503501762636, 0.156474548741244, 1.63258976000361, 0.868218593997881, 0.654792078887112,
0.0297530750976875, 1.40375196514651, -0.0607499533798546, 0.00812937552109361, 0.212419974734075)
